%YAML:1.0
---
H: !!opencv-matrix
   rows: 3
   cols: 3
   dt: d
   data: [ -2.3101972890779835e-10, -0.0034722303012609712,
       -3.6151332663175482, 0.004388888084589186,
       -3.7604334927418281e-11, -2.8088883594908407,
       -8.9776193675126865e-12, -0.0027777776506910379, 1. ]
